data,participante,notícias,acumulado
2022-01-16,Jade,1,1
2022-01-17,Jade,1,2
2022-01-18,Jade,1,3
2022-01-19,Jade,2,5
2022-01-20,Jade,7,12
2022-01-21,Jade,3,15
2022-01-22,Jade,1,16
2022-01-23,Jade,1,17
2022-01-24,Jade,1,18
2022-01-25,Jade,5,23
2022-01-26,Jade,10,33
2022-01-28,Jade,4,37
2022-01-29,Jade,5,42
2022-01-30,Jade,3,45
2022-01-31,Jade,2,47
2022-02-01,Jade,4,51
2022-02-02,Jade,3,54
2022-02-03,Jade,5,59
2022-02-04,Jade,13,72
2022-02-05,Jade,3,75
2022-02-06,Jade,3,78
2022-02-07,Jade,7,85
2022-02-08,Jade,7,92
2022-02-09,Jade,7,99
2022-02-10,Jade,5,104
2022-02-11,Jade,15,119
2022-02-12,Jade,13,132
2022-02-13,Jade,9,141
2022-02-14,Jade,7,148
2022-02-15,Jade,9,157
2022-02-16,Jade,14,171
2022-02-17,Jade,10,181
2022-02-18,Jade,11,192
2022-02-19,Jade,3,195
2022-02-20,Jade,5,200
2022-02-21,Jade,1,201
2022-02-22,Jade,3,204
2022-02-23,Jade,8,212
2022-02-24,Jade,4,216
2022-02-25,Jade,7,223
2022-02-26,Jade,4,227
2022-02-27,Jade,3,230
2022-02-28,Jade,3,233
2022-03-01,Jade,6,239
2022-03-02,Jade,5,244
2022-03-03,Jade,11,255
2022-03-04,Jade,7,262
2022-03-05,Jade,3,265
2022-03-06,Jade,16,281
2022-03-07,Jade,4,285
2022-03-08,Jade,8,293
2022-03-09,Jade,23,316
2022-03-10,Jade,8,324
2022-03-11,Jade,4,328
2022-03-12,Jade,3,331
2022-03-13,Jade,1,332
2022-03-14,Jade,2,334
2022-03-15,Jade,1,335
2022-03-16,Jade,1,336
2022-03-17,Jade,1,337
2022-03-18,Jade,3,340
2022-03-20,Jade,1,341
2022-03-21,Jade,1,342
2022-03-22,Jade,3,345
2022-03-25,Jade,2,347
2022-03-26,Jade,3,350
2022-03-29,Jade,1,351
2022-03-31,Jade,2,353
2022-04-07,Jade,1,354
2022-04-12,Jade,2,356
2022-04-15,Jade,1,357
2022-04-16,Jade,1,358
2022-04-19,Jade,2,360
2022-04-24,Jade,1,361
2022-01-16,Rodrigo,1,1
2022-01-18,Rodrigo,4,5
2022-01-19,Rodrigo,8,13
2022-01-20,Rodrigo,1,14
2022-01-21,Rodrigo,5,19
2022-01-22,Rodrigo,8,27
2022-01-23,Rodrigo,5,32
2022-01-24,Rodrigo,2,34
2022-01-25,Rodrigo,3,37
2022-01-26,Rodrigo,12,49
2022-01-27,Rodrigo,4,53
2022-01-28,Rodrigo,12,65
2022-01-29,Rodrigo,10,75
2022-01-30,Rodrigo,15,90
2022-01-31,Rodrigo,11,101
2022-02-01,Rodrigo,12,113
2022-02-02,Rodrigo,10,123
2022-02-03,Rodrigo,1,124
2022-02-04,Rodrigo,1,125
2022-02-06,Rodrigo,2,127
2022-02-07,Rodrigo,3,130
2022-02-08,Rodrigo,1,131
2022-02-10,Rodrigo,1,132
2022-02-12,Rodrigo,2,134
2022-02-15,Rodrigo,1,135
2022-02-16,Rodrigo,1,136
2022-02-17,Rodrigo,1,137
2022-02-19,Rodrigo,1,138
2022-02-20,Rodrigo,1,139
2022-02-21,Rodrigo,1,140
2022-03-02,Rodrigo,1,141
2022-03-03,Rodrigo,2,143
2022-03-09,Rodrigo,1,144
2022-03-17,Rodrigo,1,145
2022-03-18,Rodrigo,1,146
2022-03-24,Rodrigo,1,147
2022-03-25,Rodrigo,2,149
2022-03-30,Rodrigo,2,151
2022-03-31,Rodrigo,2,153
2022-04-01,Rodrigo,8,161
2022-04-02,Rodrigo,1,162
2022-04-03,Rodrigo,1,163
2022-04-04,Rodrigo,3,166
2022-04-05,Rodrigo,1,167
2022-04-06,Rodrigo,3,170
2022-04-13,Rodrigo,1,171
2022-04-15,Rodrigo,1,172
2022-04-16,Rodrigo,1,173
2022-04-17,Rodrigo,2,175
2022-04-18,Rodrigo,1,176
2022-04-19,Rodrigo,1,177
2022-04-20,Rodrigo,1,178
2022-04-23,Rodrigo,1,179
2022-04-25,Rodrigo,2,181
2022-04-26,Rodrigo,1,182
2022-01-16,Arthur,2,2
2022-01-17,Arthur,1,3
2022-01-18,Arthur,1,4
2022-01-19,Arthur,2,6
2022-01-20,Arthur,4,10
2022-01-21,Arthur,1,11
2022-01-22,Arthur,1,12
2022-01-23,Arthur,2,14
2022-01-24,Arthur,1,15
2022-01-27,Arthur,2,17
2022-01-28,Arthur,2,19
2022-01-29,Arthur,1,20
2022-01-30,Arthur,8,28
2022-01-31,Arthur,3,31
2022-02-01,Arthur,10,41
2022-02-02,Arthur,4,45
2022-02-03,Arthur,6,51
2022-02-04,Arthur,10,61
2022-02-05,Arthur,6,67
2022-02-06,Arthur,3,70
2022-02-07,Arthur,8,78
2022-02-08,Arthur,10,88
2022-02-09,Arthur,12,100
2022-02-10,Arthur,5,105
2022-02-11,Arthur,5,110
2022-02-12,Arthur,5,115
2022-02-13,Arthur,8,123
2022-02-14,Arthur,8,131
2022-02-15,Arthur,4,135
2022-02-16,Arthur,7,142
2022-02-17,Arthur,3,145
2022-02-18,Arthur,9,154
2022-02-19,Arthur,11,165
2022-02-20,Arthur,6,171
2022-02-21,Arthur,3,174
2022-02-22,Arthur,9,183
2022-02-23,Arthur,5,188
2022-02-24,Arthur,6,194
2022-02-25,Arthur,9,203
2022-02-26,Arthur,9,212
2022-02-27,Arthur,6,218
2022-02-28,Arthur,9,227
2022-03-01,Arthur,4,231
2022-03-02,Arthur,5,236
2022-03-03,Arthur,9,245
2022-03-04,Arthur,7,252
2022-03-05,Arthur,6,258
2022-03-06,Arthur,18,276
2022-03-07,Arthur,7,283
2022-03-08,Arthur,7,290
2022-03-09,Arthur,10,300
2022-03-10,Arthur,10,310
2022-03-11,Arthur,7,317
2022-03-12,Arthur,7,324
2022-03-13,Arthur,8,332
2022-03-14,Arthur,5,337
2022-03-15,Arthur,6,343
2022-03-16,Arthur,6,349
2022-03-17,Arthur,5,354
2022-03-18,Arthur,8,362
2022-03-19,Arthur,6,368
2022-03-20,Arthur,5,373
2022-03-21,Arthur,7,380
2022-03-22,Arthur,11,391
2022-03-23,Arthur,6,397
2022-03-24,Arthur,8,405
2022-03-25,Arthur,3,408
2022-03-26,Arthur,8,416
2022-03-27,Arthur,4,420
2022-03-28,Arthur,1,421
2022-03-29,Arthur,5,426
2022-03-30,Arthur,3,429
2022-04-01,Arthur,5,434
2022-04-02,Arthur,5,439
2022-04-03,Arthur,4,443
2022-04-04,Arthur,3,446
2022-04-05,Arthur,2,448
2022-04-06,Arthur,19,467
2022-04-07,Arthur,19,486
2022-04-08,Arthur,2,488
2022-04-12,Arthur,1,489
2022-04-13,Arthur,8,497
2022-04-14,Arthur,8,505
2022-04-15,Arthur,9,514
2022-04-16,Arthur,17,531
2022-04-17,Arthur,10,541
2022-04-18,Arthur,13,554
2022-04-19,Arthur,8,562
2022-04-20,Arthur,17,579
2022-04-21,Arthur,6,585
2022-04-22,Arthur,9,594
2022-04-23,Arthur,9,603
2022-04-24,Arthur,9,612
2022-04-25,Arthur,10,622
2022-04-26,Arthur,2,624
2022-01-16,Natália|Nat,1,1
2022-01-18,Natália|Nat,7,8
2022-01-19,Natália|Nat,8,16
2022-01-20,Natália|Nat,2,18
2022-01-23,Natália|Nat,7,25
2022-01-24,Natália|Nat,7,32
2022-01-25,Natália|Nat,3,35
2022-01-26,Natália|Nat,3,38
2022-01-27,Natália|Nat,7,45
2022-01-28,Natália|Nat,3,48
2022-01-29,Natália|Nat,3,51
2022-01-30,Natália|Nat,2,53
2022-01-31,Natália|Nat,12,65
2022-02-01,Natália|Nat,6,71
2022-02-02,Natália|Nat,3,74
2022-02-03,Natália|Nat,3,77
2022-02-05,Natália|Nat,1,78
2022-02-06,Natália|Nat,3,81
2022-02-07,Natália|Nat,4,85
2022-02-08,Natália|Nat,4,89
2022-02-09,Natália|Nat,2,91
2022-02-10,Natália|Nat,10,101
2022-02-11,Natália|Nat,4,105
2022-02-12,Natália|Nat,9,114
2022-02-13,Natália|Nat,1,115
2022-02-14,Natália|Nat,5,120
2022-02-15,Natália|Nat,17,137
2022-02-16,Natália|Nat,5,142
2022-02-17,Natália|Nat,12,154
2022-02-18,Natália|Nat,10,164
2022-02-19,Natália|Nat,4,168
2022-02-20,Natália|Nat,1,169
2022-02-21,Natália|Nat,1,170
2022-02-22,Natália|Nat,5,175
2022-02-23,Natália|Nat,5,180
2022-02-24,Natália|Nat,6,186
2022-02-25,Natália|Nat,5,191
2022-02-26,Natália|Nat,3,194
2022-02-27,Natália|Nat,1,195
2022-03-01,Natália|Nat,1,196
2022-03-02,Natália|Nat,6,202
2022-03-03,Natália|Nat,4,206
2022-03-04,Natália|Nat,1,207
2022-03-05,Natália|Nat,9,216
2022-03-06,Natália|Nat,5,221
2022-03-07,Natália|Nat,4,225
2022-03-08,Natália|Nat,2,227
2022-03-09,Natália|Nat,5,232
2022-03-10,Natália|Nat,2,234
2022-03-11,Natália|Nat,7,241
2022-03-12,Natália|Nat,1,242
2022-03-13,Natália|Nat,2,244
2022-03-15,Natália|Nat,2,246
2022-03-16,Natália|Nat,2,248
2022-03-17,Natália|Nat,13,261
2022-03-18,Natália|Nat,5,266
2022-03-19,Natália|Nat,3,269
2022-03-20,Natália|Nat,3,272
2022-03-21,Natália|Nat,2,274
2022-03-23,Natália|Nat,1,275
2022-03-24,Natália|Nat,3,278
2022-03-25,Natália|Nat,5,283
2022-03-26,Natália|Nat,4,287
2022-03-27,Natália|Nat,7,294
2022-03-28,Natália|Nat,8,302
2022-03-29,Natália|Nat,3,305
2022-03-30,Natália|Nat,3,308
2022-03-31,Natália|Nat,1,309
2022-04-01,Natália|Nat,2,311
2022-04-02,Natália|Nat,6,317
2022-04-03,Natália|Nat,10,327
2022-04-04,Natália|Nat,5,332
2022-04-05,Natália|Nat,5,337
2022-04-06,Natália|Nat,2,339
2022-04-07,Natália|Nat,6,345
2022-04-08,Natália|Nat,1,346
2022-04-12,Natália|Nat,19,365
2022-04-13,Natália|Nat,21,386
2022-04-15,Natália|Nat,1,387
2022-04-16,Natália|Nat,2,389
2022-04-17,Natália|Nat,1,390
2022-04-18,Natália|Nat,1,391
2022-04-21,Natália|Nat,1,392
2022-04-22,Natália|Nat,1,393
2022-04-23,Natália|Nat,4,397
2022-04-24,Natália|Nat,2,399
2022-04-25,Natália|Nat,2,401
2022-04-26,Natália|Nat,1,402
2022-01-16,Naiara,1,1
2022-01-17,Naiara,1,2
2022-01-18,Naiara,4,6
2022-01-19,Naiara,5,11
2022-01-20,Naiara,1,12
2022-01-21,Naiara,1,13
2022-01-22,Naiara,5,18
2022-01-23,Naiara,1,19
2022-01-24,Naiara,8,27
2022-01-25,Naiara,3,30
2022-01-26,Naiara,3,33
2022-01-27,Naiara,3,36
2022-01-28,Naiara,2,38
2022-01-29,Naiara,2,40
2022-01-30,Naiara,1,41
2022-01-31,Naiara,4,45
2022-02-01,Naiara,8,53
2022-02-02,Naiara,4,57
2022-02-03,Naiara,4,61
2022-02-04,Naiara,14,75
2022-02-05,Naiara,2,77
2022-02-06,Naiara,3,80
2022-02-07,Naiara,4,84
2022-02-08,Naiara,2,86
2022-02-09,Naiara,8,94
2022-02-10,Naiara,1,95
2022-02-11,Naiara,1,96
2022-02-13,Naiara,1,97
2022-02-14,Naiara,1,98
2022-02-16,Naiara,1,99
2022-02-20,Naiara,1,100
2022-02-21,Naiara,1,101
2022-02-25,Naiara,1,102
2022-02-28,Naiara,1,103
2022-03-01,Naiara,1,104
2022-03-02,Naiara,1,105
2022-03-06,Naiara,1,106
2022-03-10,Naiara,1,107
2022-03-15,Naiara,1,108
2022-03-18,Naiara,3,111
2022-03-23,Naiara,1,112
2022-04-06,Naiara,2,114
2022-04-07,Naiara,1,115
2022-04-19,Naiara,2,117
2022-04-26,Naiara,3,120
2022-01-17,Maria,1,1
2022-01-18,Maria,1,2
2022-01-19,Maria,2,4
2022-01-21,Maria,2,6
2022-01-23,Maria,2,8
2022-01-24,Maria,3,11
2022-01-25,Maria,1,12
2022-01-26,Maria,3,15
2022-01-27,Maria,2,17
2022-01-28,Maria,1,18
2022-01-29,Maria,7,25
2022-01-30,Maria,2,27
2022-01-31,Maria,1,28
2022-02-01,Maria,7,35
2022-02-02,Maria,6,41
2022-02-03,Maria,15,56
2022-02-04,Maria,7,63
2022-02-05,Maria,5,68
2022-02-06,Maria,5,73
2022-02-07,Maria,2,75
2022-02-08,Maria,1,76
2022-02-09,Maria,5,81
2022-02-10,Maria,5,86
2022-02-11,Maria,2,88
2022-02-12,Maria,1,89
2022-02-13,Maria,2,91
2022-02-14,Maria,2,93
2022-02-15,Maria,18,111
2022-02-16,Maria,6,117
2022-02-17,Maria,3,120
2022-02-18,Maria,3,123
2022-02-20,Maria,1,124
2022-02-23,Maria,1,125
2022-02-24,Maria,1,126
2022-02-26,Maria,2,128
2022-02-28,Maria,1,129
2022-03-03,Maria,1,130
2022-03-06,Maria,1,131
2022-03-08,Maria,1,132
2022-03-10,Maria,1,133
2022-03-16,Maria,1,134
2022-04-05,Maria,1,135
2022-04-06,Maria,1,136
2022-04-08,Maria,2,138
2022-04-13,Maria,2,140
2022-04-14,Maria,1,141
2022-04-19,Maria,1,142
2022-04-24,Maria,2,144
2022-04-25,Maria,1,145
2022-04-26,Maria,2,147
2022-01-16,Tiago,1,1
2022-01-17,Tiago,2,3
2022-01-18,Tiago,3,6
2022-01-19,Tiago,3,9
2022-01-21,Tiago,1,10
2022-01-24,Tiago,1,11
2022-01-25,Tiago,3,14
2022-01-27,Tiago,1,15
2022-01-28,Tiago,9,24
2022-01-29,Tiago,8,32
2022-01-30,Tiago,1,33
2022-01-31,Tiago,3,36
2022-02-01,Tiago,6,42
2022-02-02,Tiago,6,48
2022-02-03,Tiago,7,55
2022-02-04,Tiago,7,62
2022-02-05,Tiago,4,66
2022-02-06,Tiago,6,72
2022-02-07,Tiago,1,73
2022-02-08,Tiago,2,75
2022-02-09,Tiago,4,79
2022-02-10,Tiago,2,81
2022-02-11,Tiago,2,83
2022-02-12,Tiago,5,88
2022-02-14,Tiago,1,89
2022-02-15,Tiago,2,91
2022-02-16,Tiago,1,92
2022-02-18,Tiago,1,93
2022-02-19,Tiago,1,94
2022-02-20,Tiago,1,95
2022-02-21,Tiago,4,99
2022-02-22,Tiago,2,101
2022-02-23,Tiago,1,102
2022-02-24,Tiago,2,104
2022-02-25,Tiago,8,112
2022-02-26,Tiago,6,118
2022-02-27,Tiago,15,133
2022-02-28,Tiago,5,138
2022-03-02,Tiago,2,140
2022-03-12,Tiago,1,141
2022-03-17,Tiago,1,142
2022-03-30,Tiago,1,143
2022-04-24,Tiago,1,144
2022-01-16,Eliezer|Eli,1,1
2022-01-18,Eliezer|Eli,2,3
2022-01-19,Eliezer|Eli,4,7
2022-01-20,Eliezer|Eli,1,8
2022-01-21,Eliezer|Eli,1,9
2022-01-22,Eliezer|Eli,3,12
2022-01-23,Eliezer|Eli,2,14
2022-01-24,Eliezer|Eli,2,16
2022-01-25,Eliezer|Eli,1,17
2022-01-26,Eliezer|Eli,3,20
2022-01-27,Eliezer|Eli,2,22
2022-01-28,Eliezer|Eli,3,25
2022-01-29,Eliezer|Eli,4,29
2022-01-30,Eliezer|Eli,4,33
2022-01-31,Eliezer|Eli,3,36
2022-02-01,Eliezer|Eli,1,37
2022-02-02,Eliezer|Eli,7,44
2022-02-03,Eliezer|Eli,15,59
2022-02-04,Eliezer|Eli,3,62
2022-02-05,Eliezer|Eli,2,64
2022-02-06,Eliezer|Eli,1,65
2022-02-07,Eliezer|Eli,4,69
2022-02-08,Eliezer|Eli,5,74
2022-02-09,Eliezer|Eli,9,83
2022-02-10,Eliezer|Eli,15,98
2022-02-11,Eliezer|Eli,4,102
2022-02-12,Eliezer|Eli,1,103
2022-02-13,Eliezer|Eli,1,104
2022-02-14,Eliezer|Eli,2,106
2022-02-15,Eliezer|Eli,4,110
2022-02-16,Eliezer|Eli,5,115
2022-02-17,Eliezer|Eli,13,128
2022-02-18,Eliezer|Eli,13,141
2022-02-19,Eliezer|Eli,4,145
2022-02-20,Eliezer|Eli,7,152
2022-02-21,Eliezer|Eli,7,159
2022-02-22,Eliezer|Eli,2,161
2022-02-23,Eliezer|Eli,8,169
2022-02-24,Eliezer|Eli,7,176
2022-02-25,Eliezer|Eli,5,181
2022-02-26,Eliezer|Eli,6,187
2022-02-27,Eliezer|Eli,2,189
2022-02-28,Eliezer|Eli,3,192
2022-03-01,Eliezer|Eli,5,197
2022-03-02,Eliezer|Eli,8,205
2022-03-03,Eliezer|Eli,4,209
2022-03-04,Eliezer|Eli,4,213
2022-03-05,Eliezer|Eli,10,223
2022-03-06,Eliezer|Eli,6,229
2022-03-07,Eliezer|Eli,2,231
2022-03-08,Eliezer|Eli,5,236
2022-03-09,Eliezer|Eli,10,246
2022-03-10,Eliezer|Eli,4,250
2022-03-11,Eliezer|Eli,7,257
2022-03-12,Eliezer|Eli,6,263
2022-03-13,Eliezer|Eli,8,271
2022-03-14,Eliezer|Eli,4,275
2022-03-15,Eliezer|Eli,3,278
2022-03-16,Eliezer|Eli,6,284
2022-03-17,Eliezer|Eli,8,292
2022-03-18,Eliezer|Eli,6,298
2022-03-19,Eliezer|Eli,3,301
2022-03-20,Eliezer|Eli,3,304
2022-03-21,Eliezer|Eli,12,316
2022-03-22,Eliezer|Eli,1,317
2022-03-23,Eliezer|Eli,5,322
2022-03-24,Eliezer|Eli,3,325
2022-03-27,Eliezer|Eli,6,331
2022-03-28,Eliezer|Eli,4,335
2022-03-29,Eliezer|Eli,2,337
2022-03-30,Eliezer|Eli,1,338
2022-03-31,Eliezer|Eli,3,341
2022-04-01,Eliezer|Eli,2,343
2022-04-02,Eliezer|Eli,1,344
2022-04-03,Eliezer|Eli,2,346
2022-04-04,Eliezer|Eli,3,349
2022-04-05,Eliezer|Eli,4,353
2022-04-06,Eliezer|Eli,5,358
2022-04-07,Eliezer|Eli,3,361
2022-04-08,Eliezer|Eli,3,364
2022-04-12,Eliezer|Eli,15,379
2022-04-13,Eliezer|Eli,20,399
2022-04-14,Eliezer|Eli,4,403
2022-04-15,Eliezer|Eli,10,413
2022-04-16,Eliezer|Eli,5,418
2022-04-17,Eliezer|Eli,4,422
2022-04-18,Eliezer|Eli,9,431
2022-04-19,Eliezer|Eli,8,439
2022-04-20,Eliezer|Eli,13,452
2022-04-21,Eliezer|Eli,3,455
2022-04-22,Eliezer|Eli,9,464
2022-04-23,Eliezer|Eli,3,467
2022-04-24,Eliezer|Eli,4,471
2022-04-25,Eliezer|Eli,10,481
2022-04-26,Eliezer|Eli,4,485
2022-01-16,Scooby,3,3
2022-01-17,Scooby,1,4
2022-01-18,Scooby,6,10
2022-01-19,Scooby,3,13
2022-01-20,Scooby,2,15
2022-01-21,Scooby,2,17
2022-01-22,Scooby,1,18
2022-01-23,Scooby,2,20
2022-01-24,Scooby,3,23
2022-01-25,Scooby,3,26
2022-01-26,Scooby,1,27
2022-01-28,Scooby,2,29
2022-01-29,Scooby,2,31
2022-01-30,Scooby,3,34
2022-01-31,Scooby,5,39
2022-02-01,Scooby,3,42
2022-02-02,Scooby,3,45
2022-02-03,Scooby,2,47
2022-02-04,Scooby,1,48
2022-02-05,Scooby,3,51
2022-02-07,Scooby,3,54
2022-02-08,Scooby,4,58
2022-02-09,Scooby,3,61
2022-02-10,Scooby,7,68
2022-02-11,Scooby,1,69
2022-02-12,Scooby,4,73
2022-02-13,Scooby,4,77
2022-02-14,Scooby,3,80
2022-02-15,Scooby,4,84
2022-02-16,Scooby,6,90
2022-02-17,Scooby,5,95
2022-02-18,Scooby,2,97
2022-02-19,Scooby,3,100
2022-02-20,Scooby,2,102
2022-02-21,Scooby,2,104
2022-02-22,Scooby,5,109
2022-02-23,Scooby,2,111
2022-02-24,Scooby,5,116
2022-02-25,Scooby,5,121
2022-02-26,Scooby,3,124
2022-02-27,Scooby,1,125
2022-02-28,Scooby,1,126
2022-03-01,Scooby,2,128
2022-03-02,Scooby,6,134
2022-03-03,Scooby,6,140
2022-03-04,Scooby,12,152
2022-03-05,Scooby,6,158
2022-03-06,Scooby,2,160
2022-03-07,Scooby,7,167
2022-03-08,Scooby,1,168
2022-03-09,Scooby,4,172
2022-03-10,Scooby,5,177
2022-03-11,Scooby,8,185
2022-03-12,Scooby,5,190
2022-03-13,Scooby,1,191
2022-03-14,Scooby,5,196
2022-03-15,Scooby,6,202
2022-03-16,Scooby,6,208
2022-03-17,Scooby,1,209
2022-03-18,Scooby,3,212
2022-03-19,Scooby,4,216
2022-03-20,Scooby,4,220
2022-03-21,Scooby,2,222
2022-03-22,Scooby,2,224
2022-03-23,Scooby,2,226
2022-03-24,Scooby,6,232
2022-03-25,Scooby,3,235
2022-03-26,Scooby,4,239
2022-03-27,Scooby,2,241
2022-03-28,Scooby,3,244
2022-03-29,Scooby,1,245
2022-03-30,Scooby,2,247
2022-03-31,Scooby,2,249
2022-04-01,Scooby,2,251
2022-04-02,Scooby,4,255
2022-04-03,Scooby,3,258
2022-04-04,Scooby,5,263
2022-04-05,Scooby,2,265
2022-04-06,Scooby,3,268
2022-04-07,Scooby,6,274
2022-04-08,Scooby,1,275
2022-04-12,Scooby,3,278
2022-04-13,Scooby,9,287
2022-04-14,Scooby,9,296
2022-04-15,Scooby,3,299
2022-04-16,Scooby,3,302
2022-04-17,Scooby,5,307
2022-04-18,Scooby,13,320
2022-04-19,Scooby,3,323
2022-04-20,Scooby,11,334
2022-04-21,Scooby,5,339
2022-04-22,Scooby,16,355
2022-04-23,Scooby,1,356
2022-04-24,Scooby,3,359
2022-04-25,Scooby,1,360
2022-04-26,Scooby,2,362
2022-01-17,Linn|Lina,2,2
2022-01-18,Linn|Lina,1,3
2022-01-19,Linn|Lina,3,6
2022-01-20,Linn|Lina,7,13
2022-01-21,Linn|Lina,2,15
2022-01-22,Linn|Lina,2,17
2022-01-24,Linn|Lina,1,18
2022-01-25,Linn|Lina,2,20
2022-01-27,Linn|Lina,2,22
2022-01-28,Linn|Lina,1,23
2022-01-29,Linn|Lina,5,28
2022-01-30,Linn|Lina,2,30
2022-01-31,Linn|Lina,5,35
2022-02-01,Linn|Lina,2,37
2022-02-02,Linn|Lina,1,38
2022-02-03,Linn|Lina,5,43
2022-02-04,Linn|Lina,5,48
2022-02-05,Linn|Lina,5,53
2022-02-06,Linn|Lina,3,56
2022-02-08,Linn|Lina,3,59
2022-02-09,Linn|Lina,1,60
2022-02-10,Linn|Lina,3,63
2022-02-11,Linn|Lina,1,64
2022-02-12,Linn|Lina,4,68
2022-02-13,Linn|Lina,2,70
2022-02-14,Linn|Lina,2,72
2022-02-15,Linn|Lina,1,73
2022-02-16,Linn|Lina,1,74
2022-02-17,Linn|Lina,2,76
2022-02-18,Linn|Lina,3,79
2022-02-19,Linn|Lina,3,82
2022-02-20,Linn|Lina,3,85
2022-02-21,Linn|Lina,1,86
2022-02-22,Linn|Lina,2,88
2022-02-23,Linn|Lina,3,91
2022-02-24,Linn|Lina,8,99
2022-02-25,Linn|Lina,9,108
2022-02-26,Linn|Lina,4,112
2022-02-27,Linn|Lina,5,117
2022-02-28,Linn|Lina,3,120
2022-03-01,Linn|Lina,4,124
2022-03-02,Linn|Lina,4,128
2022-03-03,Linn|Lina,1,129
2022-03-04,Linn|Lina,3,132
2022-03-05,Linn|Lina,5,137
2022-03-06,Linn|Lina,4,141
2022-03-07,Linn|Lina,2,143
2022-03-08,Linn|Lina,1,144
2022-03-09,Linn|Lina,2,146
2022-03-11,Linn|Lina,6,152
2022-03-12,Linn|Lina,1,153
2022-03-13,Linn|Lina,7,160
2022-03-14,Linn|Lina,1,161
2022-03-15,Linn|Lina,2,163
2022-03-16,Linn|Lina,3,166
2022-03-17,Linn|Lina,14,180
2022-03-18,Linn|Lina,4,184
2022-03-19,Linn|Lina,7,191
2022-03-20,Linn|Lina,4,195
2022-03-21,Linn|Lina,2,197
2022-03-22,Linn|Lina,3,200
2022-03-23,Linn|Lina,2,202
2022-03-24,Linn|Lina,3,205
2022-03-25,Linn|Lina,4,209
2022-03-26,Linn|Lina,7,216
2022-03-27,Linn|Lina,10,226
2022-03-28,Linn|Lina,4,230
2022-03-29,Linn|Lina,4,234
2022-03-30,Linn|Lina,9,243
2022-03-31,Linn|Lina,3,246
2022-04-01,Linn|Lina,1,247
2022-04-02,Linn|Lina,1,248
2022-04-03,Linn|Lina,6,254
2022-04-04,Linn|Lina,3,257
2022-04-05,Linn|Lina,4,261
2022-04-06,Linn|Lina,3,264
2022-04-07,Linn|Lina,5,269
2022-04-08,Linn|Lina,2,271
2022-04-12,Linn|Lina,1,272
2022-04-13,Linn|Lina,2,274
2022-04-14,Linn|Lina,1,275
2022-04-15,Linn|Lina,6,281
2022-04-16,Linn|Lina,1,282
2022-04-17,Linn|Lina,1,283
2022-04-18,Linn|Lina,1,284
2022-04-19,Linn|Lina,1,285
2022-04-24,Linn|Lina,3,288
2022-04-26,Linn|Lina,3,291
2022-01-16,Jessilane|Jessi|Jess,1,1
2022-01-18,Jessilane|Jessi|Jess,1,2
2022-01-19,Jessilane|Jessi|Jess,1,3
2022-01-20,Jessilane|Jessi|Jess,1,4
2022-01-22,Jessilane|Jessi|Jess,2,6
2022-01-23,Jessilane|Jessi|Jess,1,7
2022-01-25,Jessilane|Jessi|Jess,4,11
2022-01-27,Jessilane|Jessi|Jess,1,12
2022-01-29,Jessilane|Jessi|Jess,1,13
2022-01-30,Jessilane|Jessi|Jess,1,14
2022-01-31,Jessilane|Jessi|Jess,9,23
2022-02-01,Jessilane|Jessi|Jess,5,28
2022-02-02,Jessilane|Jessi|Jess,6,34
2022-02-03,Jessilane|Jessi|Jess,6,40
2022-02-04,Jessilane|Jessi|Jess,5,45
2022-02-05,Jessilane|Jessi|Jess,1,46
2022-02-06,Jessilane|Jessi|Jess,6,52
2022-02-07,Jessilane|Jessi|Jess,1,53
2022-02-08,Jessilane|Jessi|Jess,5,58
2022-02-09,Jessilane|Jessi|Jess,4,62
2022-02-10,Jessilane|Jessi|Jess,5,67
2022-02-12,Jessilane|Jessi|Jess,7,74
2022-02-15,Jessilane|Jessi|Jess,1,75
2022-02-16,Jessilane|Jessi|Jess,1,76
2022-02-17,Jessilane|Jessi|Jess,2,78
2022-02-18,Jessilane|Jessi|Jess,3,81
2022-02-19,Jessilane|Jessi|Jess,3,84
2022-02-20,Jessilane|Jessi|Jess,2,86
2022-02-21,Jessilane|Jessi|Jess,5,91
2022-02-22,Jessilane|Jessi|Jess,5,96
2022-02-23,Jessilane|Jessi|Jess,1,97
2022-02-24,Jessilane|Jessi|Jess,4,101
2022-02-25,Jessilane|Jessi|Jess,1,102
2022-02-26,Jessilane|Jessi|Jess,2,104
2022-02-27,Jessilane|Jessi|Jess,2,106
2022-02-28,Jessilane|Jessi|Jess,1,107
2022-03-01,Jessilane|Jessi|Jess,1,108
2022-03-02,Jessilane|Jessi|Jess,4,112
2022-03-03,Jessilane|Jessi|Jess,2,114
2022-03-04,Jessilane|Jessi|Jess,3,117
2022-03-05,Jessilane|Jessi|Jess,5,122
2022-03-06,Jessilane|Jessi|Jess,1,123
2022-03-07,Jessilane|Jessi|Jess,6,129
2022-03-08,Jessilane|Jessi|Jess,3,132
2022-03-09,Jessilane|Jessi|Jess,3,135
2022-03-10,Jessilane|Jessi|Jess,3,138
2022-03-11,Jessilane|Jessi|Jess,2,140
2022-03-12,Jessilane|Jessi|Jess,6,146
2022-03-13,Jessilane|Jessi|Jess,1,147
2022-03-14,Jessilane|Jessi|Jess,1,148
2022-03-17,Jessilane|Jessi|Jess,8,156
2022-03-18,Jessilane|Jessi|Jess,1,157
2022-03-19,Jessilane|Jessi|Jess,1,158
2022-03-20,Jessilane|Jessi|Jess,1,159
2022-03-22,Jessilane|Jessi|Jess,5,164
2022-03-23,Jessilane|Jessi|Jess,1,165
2022-03-24,Jessilane|Jessi|Jess,2,167
2022-03-25,Jessilane|Jessi|Jess,3,170
2022-03-26,Jessilane|Jessi|Jess,2,172
2022-03-27,Jessilane|Jessi|Jess,2,174
2022-03-28,Jessilane|Jessi|Jess,3,177
2022-03-30,Jessilane|Jessi|Jess,2,179
2022-03-31,Jessilane|Jessi|Jess,1,180
2022-04-01,Jessilane|Jessi|Jess,4,184
2022-04-02,Jessilane|Jessi|Jess,2,186
2022-04-03,Jessilane|Jessi|Jess,2,188
2022-04-04,Jessilane|Jessi|Jess,1,189
2022-04-05,Jessilane|Jessi|Jess,5,194
2022-04-06,Jessilane|Jessi|Jess,4,198
2022-04-07,Jessilane|Jessi|Jess,2,200
2022-04-08,Jessilane|Jessi|Jess,2,202
2022-04-12,Jessilane|Jessi|Jess,4,206
2022-04-13,Jessilane|Jessi|Jess,13,219
2022-04-14,Jessilane|Jessi|Jess,8,227
2022-04-15,Jessilane|Jessi|Jess,10,237
2022-04-16,Jessilane|Jessi|Jess,8,245
2022-04-17,Jessilane|Jessi|Jess,11,256
2022-04-18,Jessilane|Jessi|Jess,14,270
2022-04-19,Jessilane|Jessi|Jess,1,271
2022-04-20,Jessilane|Jessi|Jess,1,272
2022-04-21,Jessilane|Jessi|Jess,1,273
2022-04-24,Jessilane|Jessi|Jess,1,274
2022-04-25,Jessilane|Jessi|Jess,1,275
2022-04-26,Jessilane|Jessi|Jess,2,277
2022-01-16,Eslovênia|Eslô,1,1
2022-01-18,Eslovênia|Eslô,5,6
2022-01-19,Eslovênia|Eslô,4,10
2022-01-20,Eslovênia|Eslô,1,11
2022-01-21,Eslovênia|Eslô,1,12
2022-01-22,Eslovênia|Eslô,2,14
2022-01-23,Eslovênia|Eslô,1,15
2022-01-25,Eslovênia|Eslô,3,18
2022-01-26,Eslovênia|Eslô,7,25
2022-01-27,Eslovênia|Eslô,9,34
2022-01-28,Eslovênia|Eslô,8,42
2022-01-29,Eslovênia|Eslô,2,44
2022-01-30,Eslovênia|Eslô,2,46
2022-01-31,Eslovênia|Eslô,3,49
2022-02-01,Eslovênia|Eslô,2,51
2022-02-02,Eslovênia|Eslô,1,52
2022-02-03,Eslovênia|Eslô,1,53
2022-02-05,Eslovênia|Eslô,1,54
2022-02-09,Eslovênia|Eslô,1,55
2022-02-10,Eslovênia|Eslô,1,56
2022-02-11,Eslovênia|Eslô,4,60
2022-02-12,Eslovênia|Eslô,2,62
2022-02-13,Eslovênia|Eslô,2,64
2022-02-14,Eslovênia|Eslô,1,65
2022-02-15,Eslovênia|Eslô,1,66
2022-02-17,Eslovênia|Eslô,3,69
2022-02-18,Eslovênia|Eslô,1,70
2022-02-19,Eslovênia|Eslô,1,71
2022-02-20,Eslovênia|Eslô,1,72
2022-02-21,Eslovênia|Eslô,2,74
2022-02-22,Eslovênia|Eslô,2,76
2022-02-23,Eslovênia|Eslô,1,77
2022-02-24,Eslovênia|Eslô,6,83
2022-02-26,Eslovênia|Eslô,3,86
2022-02-27,Eslovênia|Eslô,1,87
2022-02-28,Eslovênia|Eslô,2,89
2022-03-01,Eslovênia|Eslô,1,90
2022-03-02,Eslovênia|Eslô,1,91
2022-03-03,Eslovênia|Eslô,3,94
2022-03-04,Eslovênia|Eslô,3,97
2022-03-05,Eslovênia|Eslô,1,98
2022-03-06,Eslovênia|Eslô,3,101
2022-03-07,Eslovênia|Eslô,2,103
2022-03-09,Eslovênia|Eslô,3,106
2022-03-10,Eslovênia|Eslô,4,110
2022-03-11,Eslovênia|Eslô,3,113
2022-03-12,Eslovênia|Eslô,4,117
2022-03-13,Eslovênia|Eslô,2,119
2022-03-15,Eslovênia|Eslô,2,121
2022-03-16,Eslovênia|Eslô,3,124
2022-03-17,Eslovênia|Eslô,2,126
2022-03-18,Eslovênia|Eslô,4,130
2022-03-19,Eslovênia|Eslô,2,132
2022-03-20,Eslovênia|Eslô,3,135
2022-03-21,Eslovênia|Eslô,5,140
2022-03-22,Eslovênia|Eslô,1,141
2022-03-23,Eslovênia|Eslô,4,145
2022-03-25,Eslovênia|Eslô,1,146
2022-03-26,Eslovênia|Eslô,2,148
2022-03-27,Eslovênia|Eslô,2,150
2022-03-28,Eslovênia|Eslô,4,154
2022-03-29,Eslovênia|Eslô,2,156
2022-03-30,Eslovênia|Eslô,6,162
2022-03-31,Eslovênia|Eslô,4,166
2022-04-01,Eslovênia|Eslô,4,170
2022-04-02,Eslovênia|Eslô,4,174
2022-04-03,Eslovênia|Eslô,1,175
2022-04-04,Eslovênia|Eslô,11,186
2022-04-05,Eslovênia|Eslô,1,187
2022-04-07,Eslovênia|Eslô,2,189
2022-04-08,Eslovênia|Eslô,1,190
2022-04-14,Eslovênia|Eslô,1,191
2022-04-15,Eslovênia|Eslô,1,192
2022-04-17,Eslovênia|Eslô,1,193
2022-04-19,Eslovênia|Eslô,1,194
2022-04-20,Eslovênia|Eslô,2,196
2022-04-21,Eslovênia|Eslô,1,197
2022-04-23,Eslovênia|Eslô,2,199
2022-04-25,Eslovênia|Eslô,1,200
2022-04-26,Eslovênia|Eslô,1,201
2022-01-16,Lucas,1,1
2022-01-19,Lucas,4,5
2022-01-20,Lucas,3,8
2022-01-21,Lucas,1,9
2022-01-23,Lucas,4,13
2022-01-24,Lucas,1,14
2022-01-25,Lucas,2,16
2022-01-26,Lucas,2,18
2022-01-27,Lucas,9,27
2022-01-28,Lucas,4,31
2022-01-29,Lucas,1,32
2022-01-30,Lucas,6,38
2022-01-31,Lucas,2,40
2022-02-01,Lucas,2,42
2022-02-03,Lucas,2,44
2022-02-04,Lucas,1,45
2022-02-05,Lucas,2,47
2022-02-06,Lucas,1,48
2022-02-07,Lucas,2,50
2022-02-08,Lucas,1,51
2022-02-09,Lucas,2,53
2022-02-10,Lucas,1,54
2022-02-12,Lucas,5,59
2022-02-13,Lucas,1,60
2022-02-14,Lucas,1,61
2022-02-18,Lucas,16,77
2022-02-19,Lucas,2,79
2022-02-20,Lucas,3,82
2022-02-21,Lucas,3,85
2022-02-22,Lucas,1,86
2022-02-23,Lucas,7,93
2022-02-24,Lucas,8,101
2022-02-25,Lucas,5,106
2022-02-26,Lucas,2,108
2022-02-27,Lucas,1,109
2022-02-28,Lucas,3,112
2022-03-01,Lucas,1,113
2022-03-02,Lucas,2,115
2022-03-03,Lucas,3,118
2022-03-04,Lucas,4,122
2022-03-05,Lucas,1,123
2022-03-06,Lucas,2,125
2022-03-07,Lucas,1,126
2022-03-08,Lucas,2,128
2022-03-09,Lucas,3,131
2022-03-10,Lucas,5,136
2022-03-11,Lucas,3,139
2022-03-12,Lucas,7,146
2022-03-13,Lucas,5,151
2022-03-14,Lucas,6,157
2022-03-15,Lucas,8,165
2022-03-16,Lucas,4,169
2022-03-17,Lucas,3,172
2022-03-18,Lucas,5,177
2022-03-19,Lucas,6,183
2022-03-20,Lucas,7,190
2022-03-21,Lucas,1,191
2022-03-22,Lucas,3,194
2022-03-23,Lucas,3,197
2022-03-24,Lucas,2,199
2022-03-25,Lucas,3,202
2022-03-26,Lucas,2,204
2022-03-28,Lucas,8,212
2022-03-29,Lucas,3,215
2022-03-30,Lucas,6,221
2022-03-31,Lucas,3,224
2022-04-01,Lucas,1,225
2022-04-02,Lucas,2,227
2022-04-04,Lucas,1,228
2022-04-08,Lucas,1,229
2022-04-14,Lucas,1,230
2022-04-15,Lucas,1,231
2022-04-17,Lucas,2,233
2022-04-19,Lucas,1,234
2022-04-21,Lucas,1,235
2022-04-23,Lucas,1,236
2022-04-24,Lucas,1,237
2022-04-25,Lucas,1,238
2022-01-16,Bárbara,2,2
2022-01-18,Bárbara,3,5
2022-01-19,Bárbara,3,8
2022-01-20,Bárbara,2,10
2022-01-21,Bárbara,1,11
2022-01-23,Bárbara,1,12
2022-01-24,Bárbara,3,15
2022-01-25,Bárbara,1,16
2022-01-26,Bárbara,5,21
2022-01-27,Bárbara,3,24
2022-01-28,Bárbara,1,25
2022-01-30,Bárbara,3,28
2022-01-31,Bárbara,2,30
2022-02-01,Bárbara,3,33
2022-02-02,Bárbara,2,35
2022-02-03,Bárbara,1,36
2022-02-05,Bárbara,2,38
2022-02-06,Bárbara,3,41
2022-02-07,Bárbara,4,45
2022-02-08,Bárbara,1,46
2022-02-09,Bárbara,1,47
2022-02-10,Bárbara,3,50
2022-02-11,Bárbara,4,54
2022-02-13,Bárbara,2,56
2022-02-14,Bárbara,9,65
2022-02-15,Bárbara,8,73
2022-02-16,Bárbara,9,82
2022-02-17,Bárbara,2,84
2022-02-18,Bárbara,2,86
2022-02-19,Bárbara,2,88
2022-02-20,Bárbara,1,89
2022-02-23,Bárbara,1,90
2022-02-24,Bárbara,1,91
2022-03-04,Bárbara,1,92
2022-03-12,Bárbara,1,93
2022-03-19,Bárbara,1,94
2022-03-23,Bárbara,1,95
2022-04-04,Bárbara,1,96
2022-04-26,Bárbara,1,97
2022-01-17,Paulo André|PA,1,1
2022-01-19,Paulo André|PA,2,3
2022-01-21,Paulo André|PA,3,6
2022-01-22,Paulo André|PA,1,7
2022-01-23,Paulo André|PA,3,10
2022-01-25,Paulo André|PA,1,11
2022-01-26,Paulo André|PA,1,12
2022-01-29,Paulo André|PA,3,15
2022-01-31,Paulo André|PA,3,18
2022-02-01,Paulo André|PA,1,19
2022-02-02,Paulo André|PA,1,20
2022-02-03,Paulo André|PA,3,23
2022-02-04,Paulo André|PA,1,24
2022-02-05,Paulo André|PA,4,28
2022-02-06,Paulo André|PA,2,30
2022-02-07,Paulo André|PA,2,32
2022-02-08,Paulo André|PA,1,33
2022-02-09,Paulo André|PA,1,34
2022-02-10,Paulo André|PA,3,37
2022-02-11,Paulo André|PA,2,39
2022-02-12,Paulo André|PA,11,50
2022-02-13,Paulo André|PA,7,57
2022-02-14,Paulo André|PA,3,60
2022-02-15,Paulo André|PA,4,64
2022-02-16,Paulo André|PA,5,69
2022-02-17,Paulo André|PA,4,73
2022-02-18,Paulo André|PA,3,76
2022-02-20,Paulo André|PA,6,82
2022-02-21,Paulo André|PA,7,89
2022-02-22,Paulo André|PA,1,90
2022-02-23,Paulo André|PA,7,97
2022-02-24,Paulo André|PA,5,102
2022-02-25,Paulo André|PA,4,106
2022-02-26,Paulo André|PA,7,113
2022-02-27,Paulo André|PA,3,116
2022-02-28,Paulo André|PA,1,117
2022-03-01,Paulo André|PA,4,121
2022-03-02,Paulo André|PA,6,127
2022-03-03,Paulo André|PA,12,139
2022-03-04,Paulo André|PA,6,145
2022-03-05,Paulo André|PA,3,148
2022-03-06,Paulo André|PA,3,151
2022-03-07,Paulo André|PA,3,154
2022-03-08,Paulo André|PA,1,155
2022-03-09,Paulo André|PA,5,160
2022-03-10,Paulo André|PA,4,164
2022-03-11,Paulo André|PA,4,168
2022-03-12,Paulo André|PA,4,172
2022-03-13,Paulo André|PA,9,181
2022-03-14,Paulo André|PA,4,185
2022-03-15,Paulo André|PA,2,187
2022-03-16,Paulo André|PA,4,191
2022-03-17,Paulo André|PA,1,192
2022-03-18,Paulo André|PA,1,193
2022-03-19,Paulo André|PA,4,197
2022-03-20,Paulo André|PA,2,199
2022-03-22,Paulo André|PA,4,203
2022-03-23,Paulo André|PA,5,208
2022-03-24,Paulo André|PA,4,212
2022-03-25,Paulo André|PA,4,216
2022-03-26,Paulo André|PA,3,219
2022-03-27,Paulo André|PA,2,221
2022-03-28,Paulo André|PA,5,226
2022-03-29,Paulo André|PA,5,231
2022-03-31,Paulo André|PA,5,236
2022-04-01,Paulo André|PA,4,240
2022-04-02,Paulo André|PA,6,246
2022-04-03,Paulo André|PA,2,248
2022-04-04,Paulo André|PA,3,251
2022-04-05,Paulo André|PA,1,252
2022-04-06,Paulo André|PA,1,253
2022-04-07,Paulo André|PA,8,261
2022-04-12,Paulo André|PA,3,264
2022-04-13,Paulo André|PA,4,268
2022-04-14,Paulo André|PA,5,273
2022-04-15,Paulo André|PA,2,275
2022-04-16,Paulo André|PA,4,279
2022-04-17,Paulo André|PA,9,288
2022-04-18,Paulo André|PA,5,293
2022-04-19,Paulo André|PA,4,297
2022-04-20,Paulo André|PA,10,307
2022-04-21,Paulo André|PA,2,309
2022-04-22,Paulo André|PA,9,318
2022-04-23,Paulo André|PA,5,323
2022-04-24,Paulo André|PA,4,327
2022-04-25,Paulo André|PA,8,335
2022-04-26,Paulo André|PA,3,338
2022-01-17,Douglas|DG,1,1
2022-01-19,Douglas|DG,2,3
2022-01-21,Douglas|DG,1,4
2022-01-22,Douglas|DG,5,9
2022-01-23,Douglas|DG,2,11
2022-01-24,Douglas|DG,4,15
2022-01-25,Douglas|DG,2,17
2022-01-26,Douglas|DG,2,19
2022-01-27,Douglas|DG,2,21
2022-01-28,Douglas|DG,2,23
2022-01-29,Douglas|DG,1,24
2022-01-30,Douglas|DG,1,25
2022-01-31,Douglas|DG,5,30
2022-02-01,Douglas|DG,3,33
2022-02-02,Douglas|DG,2,35
2022-02-03,Douglas|DG,5,40
2022-02-06,Douglas|DG,4,44
2022-02-07,Douglas|DG,5,49
2022-02-08,Douglas|DG,6,55
2022-02-09,Douglas|DG,2,57
2022-02-10,Douglas|DG,5,62
2022-02-11,Douglas|DG,2,64
2022-02-12,Douglas|DG,1,65
2022-02-13,Douglas|DG,1,66
2022-02-16,Douglas|DG,1,67
2022-02-17,Douglas|DG,3,70
2022-02-18,Douglas|DG,2,72
2022-02-19,Douglas|DG,1,73
2022-02-20,Douglas|DG,4,77
2022-02-21,Douglas|DG,4,81
2022-02-22,Douglas|DG,1,82
2022-02-24,Douglas|DG,2,84
2022-02-25,Douglas|DG,3,87
2022-02-26,Douglas|DG,9,96
2022-02-27,Douglas|DG,5,101
2022-02-28,Douglas|DG,2,103
2022-03-02,Douglas|DG,2,105
2022-03-03,Douglas|DG,2,107
2022-03-04,Douglas|DG,2,109
2022-03-05,Douglas|DG,1,110
2022-03-06,Douglas|DG,2,112
2022-03-08,Douglas|DG,1,113
2022-03-11,Douglas|DG,1,114
2022-03-12,Douglas|DG,3,117
2022-03-13,Douglas|DG,2,119
2022-03-14,Douglas|DG,3,122
2022-03-15,Douglas|DG,1,123
2022-03-16,Douglas|DG,1,124
2022-03-18,Douglas|DG,3,127
2022-03-19,Douglas|DG,2,129
2022-03-21,Douglas|DG,3,132
2022-03-24,Douglas|DG,2,134
2022-03-26,Douglas|DG,1,135
2022-03-27,Douglas|DG,5,140
2022-03-28,Douglas|DG,1,141
2022-03-29,Douglas|DG,2,143
2022-03-31,Douglas|DG,1,144
2022-04-01,Douglas|DG,2,146
2022-04-02,Douglas|DG,5,151
2022-04-03,Douglas|DG,5,156
2022-04-04,Douglas|DG,1,157
2022-04-06,Douglas|DG,4,161
2022-04-07,Douglas|DG,8,169
2022-04-08,Douglas|DG,1,170
2022-04-13,Douglas|DG,3,173
2022-04-14,Douglas|DG,2,175
2022-04-15,Douglas|DG,2,177
2022-04-16,Douglas|DG,9,186
2022-04-17,Douglas|DG,5,191
2022-04-18,Douglas|DG,3,194
2022-04-19,Douglas|DG,4,198
2022-04-20,Douglas|DG,6,204
2022-04-21,Douglas|DG,1,205
2022-04-22,Douglas|DG,3,208
2022-04-23,Douglas|DG,3,211
2022-04-24,Douglas|DG,6,217
2022-04-25,Douglas|DG,7,224
2022-04-26,Douglas|DG,2,226
2022-01-17,Vinícius|Vincius|Viny|Vini|Vyni,1,1
2022-01-18,Vinícius|Vincius|Viny|Vini|Vyni,2,3
2022-01-19,Vinícius|Vincius|Viny|Vini|Vyni,6,9
2022-01-20,Vinícius|Vincius|Viny|Vini|Vyni,2,11
2022-01-21,Vinícius|Vincius|Viny|Vini|Vyni,1,12
2022-01-22,Vinícius|Vincius|Viny|Vini|Vyni,1,13
2022-01-25,Vinícius|Vincius|Viny|Vini|Vyni,1,14
2022-01-26,Vinícius|Vincius|Viny|Vini|Vyni,1,15
2022-01-27,Vinícius|Vincius|Viny|Vini|Vyni,1,16
2022-01-28,Vinícius|Vincius|Viny|Vini|Vyni,4,20
2022-01-29,Vinícius|Vincius|Viny|Vini|Vyni,3,23
2022-01-30,Vinícius|Vincius|Viny|Vini|Vyni,3,26
2022-02-01,Vinícius|Vincius|Viny|Vini|Vyni,1,27
2022-02-02,Vinícius|Vincius|Viny|Vini|Vyni,2,29
2022-02-03,Vinícius|Vincius|Viny|Vini|Vyni,4,33
2022-02-04,Vinícius|Vincius|Viny|Vini|Vyni,3,36
2022-02-07,Vinícius|Vincius|Viny|Vini|Vyni,1,37
2022-02-09,Vinícius|Vincius|Viny|Vini|Vyni,1,38
2022-02-10,Vinícius|Vincius|Viny|Vini|Vyni,1,39
2022-02-11,Vinícius|Vincius|Viny|Vini|Vyni,1,40
2022-02-12,Vinícius|Vincius|Viny|Vini|Vyni,1,41
2022-02-14,Vinícius|Vincius|Viny|Vini|Vyni,1,42
2022-02-15,Vinícius|Vincius|Viny|Vini|Vyni,3,45
2022-02-16,Vinícius|Vincius|Viny|Vini|Vyni,1,46
2022-02-17,Vinícius|Vincius|Viny|Vini|Vyni,7,53
2022-02-18,Vinícius|Vincius|Viny|Vini|Vyni,6,59
2022-02-19,Vinícius|Vincius|Viny|Vini|Vyni,1,60
2022-02-20,Vinícius|Vincius|Viny|Vini|Vyni,2,62
2022-02-21,Vinícius|Vincius|Viny|Vini|Vyni,2,64
2022-02-22,Vinícius|Vincius|Viny|Vini|Vyni,4,68
2022-02-23,Vinícius|Vincius|Viny|Vini|Vyni,4,72
2022-02-24,Vinícius|Vincius|Viny|Vini|Vyni,1,73
2022-02-25,Vinícius|Vincius|Viny|Vini|Vyni,2,75
2022-02-26,Vinícius|Vincius|Viny|Vini|Vyni,4,79
2022-02-27,Vinícius|Vincius|Viny|Vini|Vyni,1,80
2022-02-28,Vinícius|Vincius|Viny|Vini|Vyni,3,83
2022-03-01,Vinícius|Vincius|Viny|Vini|Vyni,4,87
2022-03-02,Vinícius|Vincius|Viny|Vini|Vyni,3,90
2022-03-03,Vinícius|Vincius|Viny|Vini|Vyni,4,94
2022-03-04,Vinícius|Vincius|Viny|Vini|Vyni,4,98
2022-03-06,Vinícius|Vincius|Viny|Vini|Vyni,2,100
2022-03-08,Vinícius|Vincius|Viny|Vini|Vyni,1,101
2022-03-09,Vinícius|Vincius|Viny|Vini|Vyni,1,102
2022-03-10,Vinícius|Vincius|Viny|Vini|Vyni,4,106
2022-03-11,Vinícius|Vincius|Viny|Vini|Vyni,6,112
2022-03-12,Vinícius|Vincius|Viny|Vini|Vyni,2,114
2022-03-13,Vinícius|Vincius|Viny|Vini|Vyni,3,117
2022-03-14,Vinícius|Vincius|Viny|Vini|Vyni,5,122
2022-03-15,Vinícius|Vincius|Viny|Vini|Vyni,2,124
2022-03-16,Vinícius|Vincius|Viny|Vini|Vyni,10,134
2022-03-17,Vinícius|Vincius|Viny|Vini|Vyni,1,135
2022-03-18,Vinícius|Vincius|Viny|Vini|Vyni,1,136
2022-03-22,Vinícius|Vincius|Viny|Vini|Vyni,1,137
2022-03-25,Vinícius|Vincius|Viny|Vini|Vyni,1,138
2022-03-26,Vinícius|Vincius|Viny|Vini|Vyni,1,139
2022-04-02,Vinícius|Vincius|Viny|Vini|Vyni,1,140
2022-04-03,Vinícius|Vincius|Viny|Vini|Vyni,1,141
2022-04-06,Vinícius|Vincius|Viny|Vini|Vyni,2,143
2022-04-08,Vinícius|Vincius|Viny|Vini|Vyni,1,144
2022-04-13,Vinícius|Vincius|Viny|Vini|Vyni,1,145
2022-04-21,Vinícius|Vincius|Viny|Vini|Vyni,1,146
2022-04-23,Vinícius|Vincius|Viny|Vini|Vyni,1,147
2022-04-25,Vinícius|Vincius|Viny|Vini|Vyni,1,148
2022-04-26,Vinícius|Vincius|Viny|Vini|Vyni,1,149
2022-01-18,Laís,4,4
2022-01-19,Laís,3,7
2022-01-21,Laís,1,8
2022-01-22,Laís,2,10
2022-01-23,Laís,1,11
2022-01-24,Laís,2,13
2022-01-25,Laís,1,14
2022-01-26,Laís,3,17
2022-01-28,Laís,1,18
2022-01-29,Laís,2,20
2022-01-30,Laís,2,22
2022-02-03,Laís,6,28
2022-02-04,Laís,3,31
2022-02-06,Laís,2,33
2022-02-07,Laís,3,36
2022-02-10,Laís,4,40
2022-02-11,Laís,2,42
2022-02-13,Laís,1,43
2022-02-14,Laís,6,49
2022-02-15,Laís,4,53
2022-02-16,Laís,5,58
2022-02-17,Laís,7,65
2022-02-18,Laís,5,70
2022-02-19,Laís,3,73
2022-02-20,Laís,2,75
2022-02-21,Laís,5,80
2022-02-22,Laís,2,82
2022-02-23,Laís,4,86
2022-02-24,Laís,2,88
2022-02-25,Laís,6,94
2022-02-26,Laís,4,98
2022-02-28,Laís,2,100
2022-03-01,Laís,1,101
2022-03-02,Laís,3,104
2022-03-03,Laís,8,112
2022-03-04,Laís,1,113
2022-03-05,Laís,4,117
2022-03-06,Laís,3,120
2022-03-07,Laís,6,126
2022-03-08,Laís,4,130
2022-03-09,Laís,3,133
2022-03-10,Laís,1,134
2022-03-11,Laís,3,137
2022-03-12,Laís,1,138
2022-03-13,Laís,2,140
2022-03-14,Laís,1,141
2022-03-15,Laís,1,142
2022-03-16,Laís,4,146
2022-03-17,Laís,3,149
2022-03-18,Laís,5,154
2022-03-19,Laís,6,160
2022-03-20,Laís,1,161
2022-03-21,Laís,8,169
2022-03-22,Laís,4,173
2022-03-23,Laís,13,186
2022-03-24,Laís,5,191
2022-03-25,Laís,2,193
2022-03-29,Laís,1,194
2022-03-30,Laís,1,195
2022-03-31,Laís,2,197
2022-04-01,Laís,1,198
2022-04-02,Laís,2,200
2022-04-03,Laís,1,201
2022-04-04,Laís,2,203
2022-04-06,Laís,1,204
2022-04-13,Laís,1,205
2022-04-19,Laís,2,207
2022-04-20,Laís,3,210
2022-04-21,Laís,1,211
2022-04-22,Laís,2,213
2022-04-23,Laís,2,215
2022-04-26,Laís,1,216
2022-01-16,Brunna,1,1
2022-01-18,Brunna,3,4
2022-01-19,Brunna,1,5
2022-01-20,Brunna,1,6
2022-01-21,Brunna,1,7
2022-01-22,Brunna,4,11
2022-01-24,Brunna,1,12
2022-01-25,Brunna,1,13
2022-01-26,Brunna,2,15
2022-01-27,Brunna,2,17
2022-01-28,Brunna,2,19
2022-01-29,Brunna,4,23
2022-01-30,Brunna,1,24
2022-02-01,Brunna,1,25
2022-02-02,Brunna,5,30
2022-02-03,Brunna,1,31
2022-02-05,Brunna,1,32
2022-02-06,Brunna,1,33
2022-02-07,Brunna,1,34
2022-02-09,Brunna,1,35
2022-02-10,Brunna,1,36
2022-02-11,Brunna,2,38
2022-02-12,Brunna,1,39
2022-02-13,Brunna,1,40
2022-02-15,Brunna,1,41
2022-02-16,Brunna,1,42
2022-02-18,Brunna,2,44
2022-02-19,Brunna,6,50
2022-02-20,Brunna,4,54
2022-02-21,Brunna,5,59
2022-02-22,Brunna,2,61
2022-02-23,Brunna,14,75
2022-02-24,Brunna,2,77
2022-02-25,Brunna,2,79
2022-02-26,Brunna,1,80
2022-03-12,Brunna,1,81
2022-03-16,Brunna,1,82
2022-03-17,Brunna,1,83
2022-03-26,Brunna,1,84
2022-04-06,Brunna,1,85
2022-04-23,Brunna,2,87
2022-02-10,Gustavo,2,2
2022-02-11,Gustavo,13,15
2022-02-12,Gustavo,5,20
2022-02-13,Gustavo,2,22
2022-02-14,Gustavo,6,28
2022-02-15,Gustavo,5,33
2022-02-16,Gustavo,10,43
2022-02-17,Gustavo,5,48
2022-02-18,Gustavo,5,53
2022-02-19,Gustavo,5,58
2022-02-20,Gustavo,2,60
2022-02-21,Gustavo,7,67
2022-02-22,Gustavo,3,70
2022-02-23,Gustavo,3,73
2022-02-24,Gustavo,4,77
2022-02-25,Gustavo,3,80
2022-02-26,Gustavo,2,82
2022-02-27,Gustavo,5,87
2022-02-28,Gustavo,1,88
2022-03-01,Gustavo,4,92
2022-03-02,Gustavo,4,96
2022-03-03,Gustavo,3,99
2022-03-04,Gustavo,4,103
2022-03-05,Gustavo,3,106
2022-03-06,Gustavo,3,109
2022-03-07,Gustavo,12,121
2022-03-08,Gustavo,4,125
2022-03-09,Gustavo,5,130
2022-03-11,Gustavo,6,136
2022-03-12,Gustavo,6,142
2022-03-13,Gustavo,4,146
2022-03-14,Gustavo,3,149
2022-03-15,Gustavo,2,151
2022-03-16,Gustavo,2,153
2022-03-17,Gustavo,3,156
2022-03-18,Gustavo,7,163
2022-03-19,Gustavo,3,166
2022-03-20,Gustavo,6,172
2022-03-21,Gustavo,5,177
2022-03-22,Gustavo,2,179
2022-03-23,Gustavo,10,189
2022-03-24,Gustavo,7,196
2022-03-25,Gustavo,4,200
2022-03-26,Gustavo,2,202
2022-03-27,Gustavo,4,206
2022-03-28,Gustavo,1,207
2022-03-29,Gustavo,2,209
2022-03-31,Gustavo,3,212
2022-04-01,Gustavo,4,216
2022-04-02,Gustavo,4,220
2022-04-03,Gustavo,5,225
2022-04-04,Gustavo,7,232
2022-04-05,Gustavo,3,235
2022-04-06,Gustavo,4,239
2022-04-07,Gustavo,2,241
2022-04-08,Gustavo,2,243
2022-04-12,Gustavo,2,245
2022-04-13,Gustavo,3,248
2022-04-14,Gustavo,2,250
2022-04-15,Gustavo,7,257
2022-04-16,Gustavo,7,264
2022-04-17,Gustavo,9,273
2022-04-18,Gustavo,5,278
2022-04-19,Gustavo,8,286
2022-04-20,Gustavo,16,302
2022-04-21,Gustavo,4,306
2022-04-22,Gustavo,4,310
2022-04-23,Gustavo,2,312
2022-04-26,Gustavo,2,314
2022-02-10,Larissa,3,3
2022-02-11,Larissa,18,21
2022-02-12,Larissa,5,26
2022-02-13,Larissa,3,29
2022-02-14,Larissa,7,36
2022-02-15,Larissa,2,38
2022-02-16,Larissa,9,47
2022-02-18,Larissa,2,49
2022-02-19,Larissa,6,55
2022-02-20,Larissa,4,59
2022-02-21,Larissa,1,60
2022-02-22,Larissa,2,62
2022-02-23,Larissa,1,63
2022-02-24,Larissa,3,66
2022-02-25,Larissa,3,69
2022-02-26,Larissa,4,73
2022-02-27,Larissa,8,81
2022-02-28,Larissa,6,87
2022-03-01,Larissa,8,95
2022-03-02,Larissa,10,105
2022-03-03,Larissa,1,106
2022-03-04,Larissa,3,109
2022-03-08,Larissa,1,110
2022-03-09,Larissa,1,111
2022-03-10,Larissa,1,112
2022-03-18,Larissa,2,114
2022-03-23,Larissa,1,115
2022-04-04,Larissa,1,116
2022-04-15,Larissa,1,117
2022-04-18,Larissa,2,119
2022-04-21,Larissa,1,120
2022-01-19,Luciano,2,2
2022-01-22,Luciano,1,3
2022-01-24,Luciano,6,9
2022-01-25,Luciano,3,12
2022-01-26,Luciano,12,24
2022-02-18,Luciano,1,25
2022-02-24,Luciano,1,26
2022-03-30,Luciano,1,27
2022-04-07,Luciano,1,28